Inhoud cst.txt

 Objective :
     
 To find a solution minimizing the number of different values used for
the assignment of the variables.

*****************************************************************************


Inhoud dom.txt

  0  48  16  30  44  58  72  86 100 114 128 142 156 170 240 254 268 282 296 310 324 338 352 366 380 394 408 414 428 442 456 470 478 484 498 512 526 540 554 652 666 680 694 708 722 736 750 764 778 792
  1  44  16  30  44  58  72  86 100 114 128 142 156 254 268 282 296 310 324
338 352 366 380 394 414 428 442 456 470 484 498 512 526 540 554 652 666 680 
694 708 722 736 750 764 778 792
  2  22  30  58  86 114 142 268 296 324 352 380 414 442 470 498 526 554 652 
680 708 736 764 792
  3  36  30  44  58  72  86 100 114 128 142 268 282 296 310 324 338 352 366 
380 428 442 456 470 484 498 512 526 540 666 680 694 708 722 736 750 764 778
  4  24  16  30  58  86 114 142 254 268 296 324 352 380 414 442 470 498 526 
554 652 680 708 736 764 792
  5   6 142 170 240 380 408 478
  6  42  30  44  58  72  86 100 114 128 142 156 268 282 296 310 324 338 352 
366 380 394 414 428 442 456 470 484 498 512 526 540 554 652 666 680 694 708 
722 736 750 764 778 792 
  7  22  16  30  44  58  72  86 100 114 128 142 156 254 268 282 296 310 324 
338 352 366 380 394

*****************************************************************************


Deel inhoud var.txt


  1   1
  2   1
  3   2
  4   2
  5   1
  6   1
  7   1
  8   1
  9   1
 10   1
 11   1
 12   1
 13   1
 14   1
 15   1
 16   1
 17   1
 18   1
 19   2
 20   2
 21   3
 22   3
 23   3
 24   3
 25   1
 26   1
 27   1
 28   1
 29   2
 30   2
 31   2
 32   2
 33   2

*****************************************************************************



Deel inhoud ctr.txt

  1   2 D = 238
  1 171 L >   8
  1 172 C >  56
  1 199 C >  42
  1 200 L >  10
  1 871 L >  10
  1 872 C >  42
  1 897 C >  56
  1 898 L >   8
  1 899 C >  56
  1 900 L >  19
  2 171 C >  56
  2 172 L >  10
  2 199 L >  10
  2 871 C >  56
  2 872 L >  12
  2 897 L >  10
  2 898 C >  56
  2 899 L >  20
  2 900 C >  56
  3   4 D = 238
  3  18 L >  19
  3  19 P >   2
  3  20 C >  55
  3  47 P >   2
  3  48 C >  56
  3  55 L >  27
  3  56 C >  56
  3  89 P >   2
  3  90 C >  42
  3  99 L >  39
  3 100 C >  56
